(21, 14):32.6496554346
(54, 55):10.0498756211
(20, 86):3.60555127546
(55, 54):10.0498756211
(37, 7):30.4138126515
(59, 51):2.91547594742
(25, 12):17.88854382
(39, 4):45.6097577279
(6, 59):16.0312195419
(26, 11):9.0
(66, 76):9.21954445729
(32, 31):11.7046999107
(61, 60):34.7131099154
(66, 65):3.16227766017
(90, 89):3.53553390593
(56, 57):12.3794184031
(43, 42):8.0622577483
(67, 44):14.7648230602
(3, 45):42.4646912152
(52, 53):8.54400374532
(57, 56):12.3794184031
(11, 22):32.6955654485
(36, 37):5.09901951359
(5, 47):14.5602197786
(4, 57):18.6815416923
(44, 3):11.6297033496
(86, 87):11.0453610172
(81, 18):6.7082039325
(35, 36):5.0
(73, 72):8.0622577483
(74, 73):4.03112887415
(40, 39):17.6776695297
(36, 39):35.0142828
(68, 69):7.07106781187
(17, 41):8.5
(57, 4):18.6815416923
(49, 5):5.0
(29, 30):74.3236167042
(79, 80):4.472135955
(92, 41):46.3168435885
(31, 15):29.6816441593
(30, 29):74.3236167042
(53, 54):22.803508502
(41, 92):46.3168435885
(4, 62):3.5
(43, 70):7.61577310586
(40, 2):19.1441897191
(33, 34):7.56637297521
(16, 38):34.0587727319
(13, 23):5.0
(60, 62):13.8924439894
(71, 74):6.10327780787
(48, 30):7.07106781187
(27, 12):33.0492057393
(51, 59):2.91547594742
(45, 46):6.0
(28, 15):47.5184174821
(35, 9):4.24264068712
(83, 84):9.8488578018
(14, 21):32.6496554346
(53, 49):6.7082039325
(67, 68):4.12310562562
(91, 90):4.74341649025
(74, 1):6.26498204307
(12, 27):33.0492057393
(35, 45):6.7082039325
(9, 34):5.02493781056
(1, 78):6.40312423743
(77, 19):9.8488578018
(5, 50):8.48528137424
(69, 68):7.07106781187
(18, 81):6.7082039325
(80, 79):4.472135955
(8, 9):11.5974135047
(47, 6):14.8660687473
(90, 91):4.74341649025
(89, 90):3.53553390593
(88, 86):9.34077084613
(3, 44):11.6297033496
(87, 88):4.03112887415
(57, 60):8.13941029805
(56, 52):4.24264068712
(65, 66):3.16227766017
(53, 52):8.54400374532
(58, 59):7.81024967591
(7, 15):38.1837661841
(62, 60):13.8924439894
(3, 55):12.6589889012
(43, 2):8.0
(78, 1):6.40312423743
(85, 62):60.0166643525
(60, 61):34.7131099154
(7, 37):30.4138126515
(47, 8):20.7966343431
(30, 48):7.07106781187
(36, 35):5.0
(50, 49):10.4403065089
(47, 5):14.5602197786
(60, 57):8.13941029805
(49, 50):10.4403065089
(38, 41):40.0780488547
(77, 76):4.472135955
(20, 89):9.48683298051
(48, 47):10.1980390272
(34, 9):5.02493781056
(76, 66):9.21954445729
(2, 43):8.0
(51, 50):3.80788655293
(64, 76):13.152946438
(73, 74):4.03112887415
(19, 79):4.472135955
(11, 26):9.0
(50, 51):3.80788655293
(15, 7):38.1837661841
(31, 34):15.532224567
(69, 1):5.0
(41, 38):40.0780488547
(70, 69):5.38516480713
(17, 40):26.8793601114
(85, 84):7.28010988928
(38, 39):3.0
(89, 84):3.0
(52, 56):4.24264068712
(34, 31):15.532224567
(74, 80):16.9189243157
(39, 38):3.0
(45, 35):6.7082039325
(34, 10):49.2163590689
(24, 25):18.0277563773
(76, 77):4.472135955
(63, 54):24.1867732449
(2, 44):9.48683298051
(40, 17):26.8793601114
(66, 67):4.24264068712
(4, 63):10.307764064
(11, 25):20.0249843945
(92, 87):21.3775583264
(82, 81):5.02493781056
(41, 17):8.5
(13, 22):9.05538513814
(27, 26):7.43303437366
(2, 70):8.60232526704
(42, 43):8.0622577483
(7, 47):12.8062484749
(22, 13):9.05538513814
(28, 29):9.48683298051
(70, 43):7.61577310586
(9, 8):11.5974135047
(37, 36):5.09901951359
(78, 77):10.0
(33, 8):8.27647267862
(82, 83):5.4083269132
(10, 26):35.3836120259
(16, 14):67.4166151627
(83, 18):5.38516480713
(54, 63):24.1867732449
(44, 67):14.7648230602
(32, 33):5.09901951359
(42, 17):9.8488578018
(16, 36):6.0827625303
(5, 49):5.0
(88, 91):3.04138126515
(32, 7):11.401754251
(84, 85):7.28010988928
(69, 70):5.38516480713
(72, 71):5.0
(58, 57):7.5
(89, 20):9.48683298051
(39, 40):17.6776695297
(81, 17):40.2243707222
(54, 53):22.803508502
(88, 87):4.03112887415
(8, 46):9.30053761887
(67, 66):4.24264068712
(65, 3):15.2397506541
(86, 88):9.34077084613
(62, 85):60.0166643525
(8, 33):8.27647267862
(12, 25):17.88854382
(57, 58):7.5
(34, 33):7.56637297521
(55, 46):29.4278779391
(70, 2):8.60232526704
(18, 83):5.38516480713
(72, 73):8.0622577483
(22, 11):32.6955654485
(79, 19):4.472135955
(79, 78):6.7082039325
(1, 75):9.30053761887
(51, 52):4.30116263352
(90, 82):8.73212459829
(86, 20):3.60555127546
(85, 20):4.472135955
(14, 16):67.4166151627
(20, 85):4.472135955
(2, 40):19.1441897191
(25, 24):18.0277563773
(76, 64):13.152946438
(48, 61):29.0
(36, 16):6.0827625303
(63, 4):10.307764064
(7, 30):5.83095189485
(18, 73):19.7230829233
(26, 10):35.3836120259
(71, 72):5.0
(89, 88):4.03112887415
(29, 28):9.48683298051
(69, 71):6.40312423743
(84, 89):3.0
(68, 67):4.12310562562
(84, 83):9.8488578018
(87, 86):11.0453610172
(15, 31):29.6816441593
(82, 90):8.73212459829
(73, 18):19.7230829233
(24, 13):23.8537208838
(64, 63):9.05538513814
(19, 77):9.8488578018
(33, 32):5.09901951359
(74, 71):6.10327780787
(6, 47):14.8660687473
(38, 16):34.0587727319
(61, 48):29.0
(10, 34):49.2163590689
(15, 28):47.5184174821
(83, 82):5.4083269132
(49, 53):6.7082039325
(1, 69):5.0
(17, 42):9.8488578018
(31, 32):11.7046999107
(72, 43):8.0622577483
(3, 65):15.2397506541
(75, 76):3.53553390593
(77, 78):10.0
(59, 6):16.0312195419
(46, 8):9.30053761887
(39, 36):35.0142828
(55, 3):12.6589889012
(75, 1):9.30053761887
(92, 91):20.0249843945
(47, 48):10.1980390272
(62, 4):3.5
(63, 64):9.05538513814
(91, 92):20.0249843945
(17, 81):40.2243707222
(22, 21):18.0277563773
(87, 92):21.3775583264
(44, 2):9.48683298051
(59, 58):7.81024967591
(25, 11):20.0249843945
(7, 32):11.401754251
(13, 24):23.8537208838
(45, 3):42.4646912152
(43, 72):8.0622577483
(50, 5):8.48528137424
(78, 79):6.7082039325
(46, 45):6.0
(52, 51):4.30116263352
(76, 75):3.53553390593
(65, 64):5.83095189485
(91, 88):3.04138126515
(68, 75):4.52769256907
(8, 47):20.7966343431
(80, 74):16.9189243157
(64, 65):5.83095189485
(4, 39):45.6097577279
(26, 27):7.43303437366
(21, 22):18.0277563773
(46, 55):29.4278779391
(9, 35):4.24264068712
(81, 82):5.02493781056
(88, 89):4.03112887415
(18, 80):8.0622577483
(71, 69):6.40312423743
(47, 7):12.8062484749
(1, 74):6.26498204307
(75, 68):4.52769256907
(23, 13):5.0
(30, 7):5.83095189485
(80, 18):8.0622577483
